20
89 884 843 512 375 348 280 458 45 782 100 428 923 394 238 276 668 506 599 875 126 149 585 297 474 726 730 853 847 803 773 133 413 65 93 84 341 245 151 129 10 406 427 60 667 246 590 331 193 134 624 579 824 113 805 434 83 265 713 777 176 470 997 784 741 821 73 537 494 117 309 174 957 164 416 998 364 352 580 418 497 666 684 94 23 637 802 299 461 245 
17 945 782 497 380 959 578 65 837 870 618 444 12 656 345 168 43 484 
83 941 338 88 559 562 708 893 879 297 77 227 14 162 368 901 98 331 108 692 166 528 786 195 862 749 851 709 923 965 5 381 450 380 594 319 589 708 403 516 844 274 607 429 364 141 309 574 682 704 965 284 118 399 68 192 254 167 127 449 13 772 562 82 443 875 876 739 55 961 517 234 565 901 40 422 595 372 754 634 465 830 279 118 
11 255 353 267 500 766 937 792 682 28 339 575 
5 78 880 53 698 235 
93 886 244 326 476 586 581 415 819 396 54 82 117 465 966 490 874 110 225 416 523 31 666 217 626 362 745 46 408 30 183 801 772 940 122 47 896 370 153 930 459 0 932 269 698 280 884 834 110 220 7 932 369 1 934 217 731 589 516 86 369 570 778 442 982 180 317 519 121 262 758 504 896 518 822 599 847 846 706 991 489 897 915 758 114 748 134 156 841 407 35 188 935 259 
13 611 876 666 178 641 403 377 804 590 641 708 268 512 
39 924 316 873 48 30 517 241 654 410 366 719 195 910 984 92 649 306 307 760 145 615 482 150 463 486 487 823 708 235 798 9 217 469 143 9 978 232 626 775 
43 156 884 848 933 536 819 493 299 636 272 763 334 229 229 85 394 808 819 405 439 757 178 562 57 938 718 268 282 543 969 722 829 32 483 464 683 598 312 574 229 72 85 17 
35 668 839 865 10 199 285 991 869 152 668 734 241 350 399 756 564 473 811 975 910 996 714 954 995 970 564 971 566 671 189 580 421 990 923 161 
67 3 619 803 907 978 973 143 636 516 627 428 524 2 994 142 786 915 830 966 513 236 586 942 504 134 450 1 693 363 797 786 709 558 343 463 207 391 202 81 166 808 988 507 109 984 27 429 229 217 557 588 161 615 765 215 467 263 895 457 319 537 357 350 533 556 346 515 
51 791 219 317 730 753 333 288 393 577 528 487 586 275 841 928 862 533 556 68 917 144 168 412 116 648 583 91 109 110 714 134 677 675 320 72 864 711 708 334 368 779 195 366 557 437 810 139 685 10 818 427 
15 511 831 275 539 597 170 42 467 286 37 560 817 474 917 250 
53 104 364 139 493 532 597 767 197 713 274 217 73 924 19 781 704 1 845 688 576 463 334 603 129 729 679 798 0 645 326 858 150 293 903 743 173 483 519 28 991 466 573 276 826 215 381 317 924 582 643 461 671 825 
23 999 876 259 462 934 705 543 897 770 641 589 909 354 747 579 267 705 83 572 270 807 791 41 
1 968 
79 709 770 113 673 56 406 641 234 71 171 184 876 843 122 908 353 829 597 47 872 386 91 782 268 297 620 263 349 657 835 667 838 817 254 864 885 342 718 717 115 512 228 424 845 393 191 747 507 664 650 66 165 398 521 37 925 330 928 860 983 412 519 851 779 710 761 828 722 21 76 946 678 313 796 838 149 143 603 805 
97 921 872 464 227 634 647 68 696 837 825 503 197 416 6 826 703 154 215 156 685 832 598 280 726 585 323 63 32 972 182 837 241 966 428 467 420 47 305 11 992 300 576 558 128 650 485 97 756 341 350 208 872 925 463 548 285 833 230 45 166 59 425 153 393 21 131 394 633 279 176 702 321 227 800 418 871 444 343 859 598 9 722 443 121 729 427 491 870 880 163 203 824 349 78 968 37 782 
57 334 357 62 736 67 995 267 883 961 154 662 575 852 73 668 915 89 447 774 90 401 753 997 415 3 843 51 340 916 316 856 762 156 351 647 694 626 748 787 573 560 789 862 903 130 980 97 375 188 320 259 512 719 90 32 345 477 
2 201 260 