20
243431 16839
9282826 189420 126340 99299 121729 221445
9731715 170873 194794 9611 18123 18123
245821 50281
9819641 173052 181673 126213 183247 221521
9440463 173806 159609 111729 84810 84810
3 1
4 0 2 2 2 2
2 1 2 1 0 0
241603 57968
9390389 118915 209676 49424 129791 21784
9836448 91822 131136 176909 69049 69049
242441 24655
9858136 163375 24975 111768 2751 167651
9317341 95028 20550 193318 93977 93977
240347 73684
9025531 13622 117865 25878 192087 193270
9448896 164678 182155 23586 185704 185704
246937 148968
9638854 69568 79672 109442 23377 199627
9571003 192171 63582 212910 66731 66731
243161 90526
9132903 98270 224226 240991 122123 178183
9346292 210956 86350 7100 97498 97498
240881 65971
9917820 69605 207733 121919 33689 213843
9847745 125272 123442 7327 111119 111119
241939 216503
9486243 63364 238891 40899 211220 38205
9157002 99291 162570 6774 31427 31427
244033 25713
9021802 153595 119269 83789 227654 51676
9975563 120224 139365 149788 193979 193979
240349 127408
9859061 106493 56096 155479 52563 210967
9856094 92255 18742 160843 118837 118837
246577 38707
9563388 75318 4052 7286 151402 212042
9093054 134131 21718 12689 41225 41225
247031 42536
9179564 18731 115575 49852 237280 138423
9648868 200171 125630 67699 168173 168173
249497 234868
9498974 181574 20915 231396 114117 39517
9804997 231931 162458 62143 17174 17174
249253 56342
9823518 216013 229363 123682 54105 142637
9795222 141760 151124 233309 58065 58065
241597 202867
9507880 190782 78035 178742 152286 80106
9978492 112077 46757 154373 148734 148734
243203 218931
9859469 53111 147884 173718 190067 94081
9012576 195828 146644 47153 156770 156770
249229 162882
9617872 220272 196799 188910 231803 202281
9993968 175984 103815 151363 119112 119112
246167 140831
9077343 19451 51491 175075 169042 68682
9331620 120234 236082 50842 206967 206967